Daily highs
===========
     -29.000
     -20.400
     -24.500
     -25.100
     -24.300
     -23.900
     -24.900
     -23.500
     -19.300
     -16.900
     -17.800
     -19.400
     -17.100
     -18.200
     -17.400
     -14.800
     -20.300
     -17.400
      -4.100
      -8.500
     -16.100
     -15.200
     -19.300
     -21.500
      -9.800
      -9.000
     -18.900
     -32.000
     -26.400
     -26.600
     -25.300
     -21.100
     -24.400

Sliding window 24-hour averages
===============================
     -32.800     -34.809
     -33.300     -34.875
     -34.300     -34.669
     -34.300     -34.343
     -34.800     -34.033
     -35.200     -33.775
     -34.800     -33.524
         nan     -33.272
     -35.200     -33.095
     -36.100     -33.000
     -35.900     -32.986
     -36.200     -32.932
     -35.600     -32.848
     -32.200     -32.748
     -30.100     -32.517
     -29.700     -32.170
     -29.900     -31.765
     -29.500     -31.296
     -29.000     -30.800
     -29.900     -30.317
     -31.200     -30.042
     -32.700     -29.550
     -31.800     -29.012
     -31.000     -28.479
     -30.500     -27.917
     -28.000     -27.375
     -26.300     -26.967
     -25.000     -26.613
     -24.000     -26.229
     -23.800     -25.838
     -23.700     -25.467
     -23.700     -25.108
     -23.400     -24.721
     -23.200     -24.275
     -23.100     -23.792
     -22.700     -23.400
     -22.600     -23.071
     -22.400     -22.748
     -21.600     -22.596
     -20.500     -22.427
     -20.500     -22.482
     -20.600     -22.595
     -20.400     -22.538
     -20.600     -22.480
     -20.500     -22.416
     -21.100     -22.361
     -22.400     -22.522
     -23.100     -22.683
         nan     -22.878
     -24.500     -23.083
         nan     -23.317
     -26.200     -23.550
     -26.500     -23.839
         nan     -24.106
         nan     -24.400
         nan     -24.789
         nan     -25.178
     -26.100     -25.550
     -26.000     -25.883
     -26.200     -26.172
     -26.300     -26.394
     -26.600     -26.484
     -25.800     -26.821
     -25.700     -27.025
     -25.300     -27.260
     -25.900     -27.470
     -27.400     -27.633
     -27.600     -27.795
     -27.200     -27.965
     -27.100     -28.129
     -27.600     -28.408
     -27.100     -28.700
     -28.100     -28.988
     -30.900     -29.296
     -30.900     -29.479
     -30.900     -29.596
     -30.700     -29.633
     -30.900     -29.696
     -31.200     -29.742
     -31.700     -29.675
     -31.900     -29.592
     -32.800     -29.504
     -33.000     -29.425
     -33.100     -29.400
     -33.700     -29.429
     -31.000     -29.404
     -28.600     -29.217
     -26.600     -29.004
     -26.800     -28.758
     -27.000     -28.504
     -25.800     -28.229
     -25.600     -27.958
     -25.100     -27.663
     -25.200     -27.383
     -27.000     -27.175
     -27.800     -27.000
     -27.500     -26.879
     -26.400     -26.787
     -25.800     -26.808
     -25.000     -26.804
     -24.600     -26.817
     -24.300     -26.817
     -24.700     -26.929
     -24.600     -27.179
     -25.200     -27.483
     -27.800     -27.821
     -28.800     -28.179
     -30.200     -28.475
     -31.500     -28.583
     -31.500     -28.637
     -28.500     -28.650
     -26.900     -28.675
     -26.800     -28.692
     -29.700     -28.692
     -31.800     -28.696
     -32.900     -28.675
     -33.200     -28.671
     -33.800     -28.642
     -34.100     -28.525
     -30.400     -28.375
     -28.800     -28.175
     -26.700     -27.942
     -26.400     -27.696
     -25.400     -27.554
     -24.600     -27.454
     -24.400     -27.333
     -24.200     -27.146
     -24.500     -26.933
     -24.500     -26.721
     -25.000     -26.533
     -25.200     -26.371
     -25.400     -26.192
     -25.900     -26.162
     -25.600     -26.242
     -25.100     -26.383
     -24.500     -26.600
     -23.900     -26.863
     -25.200     -27.200
     -26.700     -27.513
     -27.800     -27.746
     -28.700     -27.938
     -29.900     -28.062
     -29.800     -28.125
     -29.700     -28.204
     -30.700     -28.317
     -30.100     -28.433
     -31.600     -28.571
     -31.700     -28.658
     -32.700     -28.683
     -31.900     -28.725
     -29.800     -28.721
     -29.100     -28.763
     -27.500     -28.796
     -26.500     -28.733
     -27.100     -28.583
     -28.100     -28.533
     -28.700     -28.504
     -28.900     -28.467
     -27.200     -28.458
     -25.100     -28.333
     -24.900     -28.133
     -25.100     -27.846
     -27.700     -27.571
     -28.600     -27.383
     -27.200     -27.192
     -26.300     -27.025
     -28.600     -26.958
     -29.000     -26.946
     -29.800     -26.946
     -29.900     -26.908
     -28.600     -26.822
     -26.900     -26.805
     -25.800     -26.886
     -25.300     -26.985
     -25.300     -27.084
     -24.500     -27.050
     -23.500     -26.959
     -24.900     -26.944
     -26.800     -26.987
     -28.100     -26.871
     -27.800     -26.708
         nan     -26.450
         nan     -26.136
         nan     -25.890
         nan     -25.778
         nan     -25.775
         nan     -25.843
         nan     -25.933
         nan     -26.220
         nan     -26.900
         nan     -27.567
         nan     -27.950
         nan     -27.800
         nan        -nan
         nan        -nan
         nan     -26.900
         nan     -26.200
         nan     -25.133
         nan     -24.075
         nan     -23.400
         nan     -23.017
         nan     -22.671
         nan     -22.613
         nan     -22.522
         nan     -22.200
         nan     -21.900
     -26.900     -21.642
     -25.500     -21.738
     -23.000     -21.929
     -20.900     -22.267
     -20.700     -22.562
     -21.100     -22.747
     -20.600     -22.828
     -22.200     -22.858
     -21.800     -22.815
     -19.300     -22.743
     -18.900     -22.636
     -18.800     -22.604
     -22.900     -22.533
     -24.400     -22.271
     -27.000     -22.000
     -27.000     -21.796
     -25.700     -21.629
     -24.200     -21.504
     -23.400     -21.467
     -22.000     -21.396
     -21.300     -21.267
     -20.400     -21.087
     -21.900     -21.017
     -20.900     -20.971
     -20.600     -20.950
     -19.000     -20.792
     -18.100     -20.613
     -16.900     -20.375
     -17.700     -20.171
     -20.200     -20.058
     -18.900     -20.117
     -19.100     -20.233
     -17.500     -20.433
     -17.600     -20.604
     -17.800     -20.683
     -18.300     -20.750
     -19.100     -20.896
     -20.100     -21.096
     -21.300     -21.271
     -22.100     -21.317
     -23.000     -21.367
     -25.600     -21.521
     -26.200     -21.671
     -26.800     -21.908
     -25.400     -22.129
     -22.300     -22.392
     -23.500     -22.721
     -24.400     -23.000
     -25.400     -23.275
     -23.200     -23.433
     -19.200     -23.554
     -18.100     -23.558
     -21.400     -23.471
     -23.800     -23.321
     -24.600     -23.075
     -24.400     -22.875
     -23.800     -22.696
     -25.500     -22.600
     -24.500     -22.721
     -24.900     -22.808
     -22.900     -22.925
     -23.000     -22.954
     -21.400     -23.112
     -20.000     -23.279
     -19.400     -23.471
     -19.700     -23.621
     -21.400     -23.713
     -22.500     -23.846
     -23.100     -23.979
     -25.200     -24.125
     -25.600     -24.250
     -27.200     -24.458
     -26.100     -24.675
     -27.000     -24.992
     -23.200     -25.313
     -22.700     -25.717
     -25.000     -26.196
     -26.000     -26.671
     -27.800     -27.133
     -27.600     -27.546
     -27.300     -27.908
     -28.500     -28.221
     -29.500     -28.367
     -30.100     -28.379
     -30.500     -28.229
     -30.700     -28.229
     -31.100     -28.117
     -31.500     -28.083
     -30.800     -28.046
     -30.800     -27.854
     -31.300     -27.550
     -31.200     -27.104
     -30.600     -26.675
     -28.700     -26.262
     -25.900     -25.846
     -23.600     -25.429
     -26.100     -24.988
     -24.300     -24.475
     -22.400     -24.038
     -21.800     -23.679
     -20.400     -23.379
     -18.700     -23.154
     -17.100     -22.908
     -17.300     -22.692
     -17.400     -22.504
     -18.500     -22.383
     -19.500     -22.421
     -19.500     -22.587
     -18.200     -22.887
     -20.200     -23.050
     -22.500     -23.104
     -24.300     -23.196
     -25.400     -23.304
     -24.900     -23.567
     -26.100     -23.933
     -26.700     -24.488
     -27.700     -25.042
     -29.600     -25.600
     -29.900     -26.154
     -30.800     -26.671
     -30.000     -27.158
     -25.600     -27.704
     -24.600     -28.187
     -24.400     -28.617
     -26.700     -28.988
     -27.500     -29.312
     -30.400     -29.667
     -30.600     -29.958
     -30.800     -30.112
     -31.800     -30.225
     -31.900     -30.188
     -31.200     -30.142
     -31.300     -29.996
     -31.800     -29.829
     -32.800     -29.762
     -33.200     -29.692
     -33.200     -29.592
     -33.400     -29.383
     -33.100     -29.112
     -30.400     -28.683
     -30.400     -28.212
     -28.700     -27.692
     -28.800     -27.092
     -27.300     -26.458
     -26.000     -25.829
     -24.000     -25.179
     -22.900     -24.488
     -22.000     -23.746
     -21.700     -22.979
     -21.000     -22.212
     -20.100     -21.463
     -19.300     -20.829
     -18.300     -20.325
     -17.400     -19.875
     -16.700     -19.525
     -16.100     -19.146
     -15.700     -18.825
     -15.200     -18.517
     -15.000     -18.262
     -14.800     -18.092
     -14.800     -17.925
     -15.400     -17.817
     -17.900     -17.813
     -18.300     -17.825
     -19.600     -17.942
     -20.300     -18.117
     -19.700     -18.325
     -19.600     -18.642
     -18.600     -19.033
     -17.900     -19.454
     -18.800     -19.971
     -18.000     -20.521
     -19.100     -21.137
     -20.900     -21.763
     -20.400     -22.283
     -22.100     -22.796
     -22.500     -23.242
     -22.400     -23.700
     -24.300     -24.117
     -25.500     -24.571
     -25.800     -24.979
     -27.600     -25.408
     -28.200     -25.762
     -29.600     -26.033
     -29.800     -26.287
     -27.900     -26.446
     -30.200     -26.542
     -29.000     -26.696
     -30.600     -26.700
     -30.300     -26.654
     -30.600     -26.567
     -29.400     -26.329
     -28.900     -26.004
     -26.400     -25.700
     -25.300     -25.329
     -24.100     -24.896
     -22.900     -24.396
     -23.200     -23.879
     -24.100     -23.467
     -22.200     -22.958
     -21.400     -22.571
     -20.300     -22.233
     -18.600     -21.963
     -17.700     -21.704
     -18.500     -21.471
     -18.700     -21.221
     -17.800     -20.996
     -17.600     -20.779
     -17.400     -20.562
     -18.000     -20.350
     -18.000     -20.229
     -19.700     -20.129
     -22.500     -20.167
     -23.800     -20.258
     -24.400     -20.387
     -23.800     -20.542
     -22.900     -20.854
     -21.000     -21.138
     -20.100     -21.383
     -18.900     -21.567
     -17.800     -21.679
     -20.300     -21.779
     -21.700     -21.833
     -23.100     -21.846
     -23.600     -21.667
     -23.400     -21.233
     -22.300     -20.717
     -25.200     -20.121
     -25.300     -19.558
     -24.600     -18.863
     -22.200     -18.279
     -20.300     -17.721
     -19.800     -17.229
     -19.300     -16.804
     -18.300     -16.129
     -15.400     -15.508
     -12.100     -14.825
     -11.400     -14.092
     -10.100     -13.392
     -10.300     -12.858
      -6.200     -12.242
      -7.000     -11.679
      -6.700     -11.092
      -7.100     -10.583
      -7.600     -10.254
      -4.100      -9.917
      -6.800      -9.571
      -6.700      -9.333
      -6.000      -9.167
      -6.600      -9.117
      -9.500      -9.117
     -10.400      -9.283
     -11.800      -9.421
     -10.500      -9.596
     -10.000      -9.738
     -12.400      -9.871
     -11.700      -9.929
     -11.000     -10.017
     -12.600     -10.433
     -11.400     -10.875
     -10.900     -11.329
     -11.400     -11.875
     -14.100     -12.388
     -13.600     -12.804
     -10.400     -13.200
     -10.400     -13.437
      -9.900     -13.862
      -8.500     -14.329
      -9.700     -14.658
     -14.100     -15.058
     -17.400     -15.471
     -17.600     -15.888
     -19.100     -16.425
     -18.900     -16.996
     -19.500     -17.475
     -19.900     -17.900
     -17.500     -18.342
     -20.700     -18.863
     -21.200     -19.329
     -20.300     -19.725
     -21.300     -20.133
     -20.900     -20.467
     -22.600     -20.608
     -24.300     -20.600
     -24.600     -20.571
     -22.900     -20.454
     -24.300     -20.337
     -24.200     -20.183
     -22.900     -19.988
     -21.600     -20.029
     -19.400     -20.054
     -18.300     -20.142
     -17.700     -20.325
     -17.500     -20.508
     -17.200     -20.758
     -16.900     -20.950
     -16.300     -21.113
     -16.100     -21.250
     -15.800     -21.458
     -15.200     -21.617
     -18.500     -21.783
     -21.300     -21.904
     -23.300     -21.896
     -24.700     -21.825
     -25.700     -21.758
     -26.900     -21.758
     -27.200     -21.929
     -28.200     -22.225
     -27.900     -22.550
     -27.900     -22.975
     -28.100     -23.412
     -28.200     -23.900
     -25.800     -24.404
     -21.400     -24.808
     -17.700     -25.104
     -16.700     -25.358
     -17.700     -25.537
     -21.600     -25.675
     -24.300     -25.796
     -24.700     -25.879
     -26.500     -25.892
     -26.600     -25.808
     -27.500     -25.683
     -27.300     -25.492
     -28.200     -25.275
     -28.400     -25.137
     -29.400     -25.167
     -29.000     -25.283
     -29.000     -25.392
     -29.800     -25.475
     -29.200     -25.504
     -28.500     -25.500
     -25.900     -25.425
     -24.900     -25.254
     -23.500     -25.192
     -23.000     -25.125
     -22.500     -25.104
     -22.100     -25.083
     -20.500     -25.004
     -19.300     -24.950
     -19.700     -24.946
     -22.300     -24.971
     -24.200     -24.979
     -22.900     -25.017
     -22.400     -25.071
     -25.100     -25.250
     -25.900     -25.488
     -26.800     -25.808
     -27.700     -26.129
     -26.500     -26.392
     -28.100     -26.579
     -28.900     -26.725
     -29.600     -26.846
     -30.000     -26.921
     -30.100     -26.925
     -29.800     -26.938
     -30.200     -27.033
     -30.600     -27.200
     -31.200     -27.113
     -30.700     -26.933
     -28.800     -26.671
     -26.600     -26.329
     -24.000     -26.025
     -22.200     -25.633
     -21.500     -25.192
     -22.400     -24.713
     -24.500     -24.208
     -25.200     -23.688
     -26.400     -23.171
     -23.000     -22.633
     -21.600     -22.067
     -20.500     -21.450
     -19.500     -20.829
     -19.200     -20.254
     -18.700     -19.733
     -18.300     -19.271
     -18.100     -18.879
     -17.900     -18.500
     -17.600     -18.075
     -17.400     -17.533
     -17.300     -16.967
     -17.000     -16.279
     -16.400     -15.729
     -15.800     -15.242
     -15.000     -14.783
     -14.100     -14.350
     -12.900     -13.946
     -12.800     -13.542
     -12.400     -13.237
     -12.200     -12.954
     -11.500     -12.629
     -11.600     -12.300
      -9.900     -12.004
      -9.800     -11.725
      -9.900     -11.467
      -9.500     -11.250
      -9.100     -11.075
      -9.500     -10.929
      -9.000     -10.825
     -11.000     -10.767
     -11.300     -10.717
     -10.100     -10.688
      -9.700     -10.696
     -10.300     -10.742
     -10.600     -10.812
     -10.800     -10.967
     -11.200     -11.142
     -11.600     -11.517
     -11.500     -12.008
     -11.600     -12.687
     -11.500     -13.421
     -11.600     -14.333
     -11.700     -15.142
     -12.400     -16.004
     -12.600     -16.908
     -13.300     -17.938
     -13.600     -18.950
     -14.000     -19.950
     -18.900     -20.925
     -21.300     -21.933
     -25.400     -22.879
     -27.100     -23.675
     -30.900     -24.408
     -30.400     -25.038
     -32.000     -25.654
     -31.800     -26.312
     -34.400     -27.008
     -34.600     -27.842
     -34.600     -28.725
     -34.200     -29.646
     -35.400     -30.604
     -34.300     -31.404
     -30.600     -32.096
     -29.200     -32.663
     -26.600     -33.175
     -26.400     -33.554
     -27.500     -33.979
     -29.100     -34.346
     -32.600     -34.721
     -34.500     -35.008
     -35.700     -35.333
     -37.000     -35.650
     -38.100     -36.012
     -37.900     -36.312
     -39.000     -36.608
     -39.400     -36.971
     -40.000     -37.237
     -40.600     -37.517
     -40.800     -37.808
     -40.800     -37.996
     -41.300     -38.250
     -42.400     -38.483
     -42.200     -38.692
     -42.900     -38.887
     -42.600     -39.058
     -41.400     -39.208
     -39.300     -39.379
     -35.600     -39.442
     -33.300     -39.433
     -33.400     -39.333
     -32.000     -39.158
     -35.200     -38.963
     -38.200     -38.783
     -39.500     -38.521
     -40.400     -38.208
     -41.100     -37.875
     -41.700     -37.479
     -42.000     -37.046
     -40.500     -36.638
     -39.200     -36.258
     -37.600     -36.008
     -36.400     -35.788
     -36.100     -35.542
     -36.500     -35.317
     -35.000     -34.950
     -34.900     -34.521
     -34.200     -34.125
     -33.400     -33.796
     -32.200     -33.479
     -31.600     -33.183
     -30.200     -32.867
     -29.600     -32.642
     -28.000     -32.404
     -27.500     -32.242
     -26.600     -32.046
     -26.400     -31.858
     -27.900     -31.638
     -30.000     -31.517
     -32.500     -31.354
     -33.500     -31.171
     -34.600     -31.013
     -34.400     -30.896
     -35.100     -30.775
     -33.500     -30.679
     -33.700     -30.608
     -31.700     -30.550
     -31.600     -30.513
     -31.200     -30.538
     -32.100     -30.633
     -31.000     -30.771
     -29.800     -30.858
     -29.600     -30.792
     -29.400     -30.679
     -28.700     -30.525
     -27.900     -30.425
     -27.900     -30.312
     -26.600     -30.312
     -26.600     -30.321
     -27.200     -30.408
     -28.700     -30.546
     -31.200     -30.721
     -32.100     -30.837
     -30.900     -30.912
     -30.800     -31.079
     -30.900     -31.367
     -32.000     -31.642
     -32.400     -31.950
     -33.500     -32.075
     -33.900     -32.125
     -33.800     -32.154
     -34.900     -32.133
     -35.400     -32.054
     -34.900     -32.017
     -32.800     -32.025
     -33.800     -32.012
     -36.500     -31.942
     -36.000     -31.821
     -36.100     -31.667
     -30.900     -31.425
     -29.100     -31.150
     -27.300     -30.792
     -26.100     -30.400
     -25.300     -30.013
     -27.800     -29.579
     -31.400     -29.129
     -31.800     -28.704
     -29.200     -28.379
     -27.900     -28.013
     -27.200     -27.521
     -26.200     -27.058
     -25.800     -26.554
     -24.900     -26.267
     -24.500     -26.017
     -24.500     -25.796
     -24.500     -25.600
     -24.600     -25.425
     -24.700     -25.171
     -25.000     -24.767
     -25.000     -24.363
     -24.700     -24.108
     -24.900     -23.929
     -24.000     -23.812
     -24.000     -23.775
     -23.100     -23.687
     -22.000     -23.632
     -21.400     -23.590
     -21.100     -23.545
     -21.700     -23.495
     -21.700     -23.433
     -22.100     -23.359
     -23.100     -23.256
     -23.600     -23.140
     -24.400     -23.029
     -25.300     -22.885

Overall mean: -24.828
Mean after removing the largest value: -24.856
Mean after removing the 2 largest values: -24.881