-32.8
-33.3
-34.3
-34.3
-34.8
-35.2
-34.8
no data
-35.2
-36.1
-35.9
-36.2
-35.6
-32.2
-30.1
-29.7
-29.9
-29.5
-29.0
-29.9
-31.2
-32.7
-31.8
-31.0
-30.5
-28.0
-26.3
-25.0
-24.0
-23.8
-23.7
-23.7
-23.4
-23.2
-23.1
-22.7
-22.6
-22.4
-21.6
-20.5
-20.5
-20.6
-20.4
-20.6
-20.5
-21.1
-22.4
-23.1
no data
-24.5
still no data
-26.2
-26.5
no data
lots of no data
still no data
the sensor must be broken or something
-26.1
-26.0
-26.2
-26.3
-26.6
-25.8
-25.7
-25.3
-25.9
-27.4
-27.6
-27.2
-27.1
-27.6
-27.1
-28.1
-30.9
-30.9
-30.9
-30.7
-30.9
-31.2
-31.7
-31.9
-32.8
-33.0
-33.1
-33.7
-31.0
-28.6
-26.6
-26.8
-27.0
-25.8
-25.6
-25.1
-25.2
-27.0
-27.8
-27.5
-26.4
-25.8
-25.0
-24.6
-24.3
-24.7
-24.6
-25.2
-27.8
-28.8
-30.2
-31.5
-31.5
-28.5
-26.9
-26.8
-29.7
-31.8
-32.9
-33.2
-33.8
-34.1
-30.4
-28.8
-26.7
-26.4
-25.4
-24.6
-24.4
-24.2
-24.5
-24.5
-25.0
-25.2
-25.4
-25.9
-25.6
-25.1
-24.5
-23.9
-25.2
-26.7
-27.8
-28.7
-29.9
-29.8
-29.7
-30.7
-30.1
-31.6
-31.7
-32.7
-31.9
-29.8
-29.1
-27.5
-26.5
-27.1
-28.1
-28.7
-28.9
-27.2
-25.1
-24.9
-25.1
-27.7
-28.6
-27.2
-26.3
-28.6
-29.0
-29.8
-29.9
-28.6
-26.9
-25.8
-25.3
-25.3
-24.5
-23.5
-24.9
-26.8
-28.1
-27.8
no data
no data
no data
no data
no data
no data
no data
no data
no data
no data
no data
no data
no data
no data
no data
no data
no data
no data
no data
no data
no data
no data
no data
no data
no data
-26.9
-25.5
-23.0
-20.9
-20.7
-21.1
-20.6
-22.2
-21.8
-19.3
-18.9
-18.8
-22.9
-24.4
-27.0
-27.0
-25.7
-24.2
-23.4
-22.0
-21.3
-20.4
-21.9
-20.9
-20.6
-19.0
-18.1
-16.9
-17.7
-20.2
-18.9
-19.1
-17.5
-17.6
-17.8
-18.3
-19.1
-20.1
-21.3
-22.1
-23.0
-25.6
-26.2
-26.8
-25.4
-22.3
-23.5
-24.4
-25.4
-23.2
-19.2
-18.1
-21.4
-23.8
-24.6
-24.4
-23.8
-25.5
-24.5
-24.9
-22.9
-23.0
-21.4
-20.0
-19.4
-19.7
-21.4
-22.5
-23.1
-25.2
-25.6
-27.2
-26.1
-27.0
-23.2
-22.7
-25.0
-26.0
-27.8
-27.6
-27.3
-28.5
-29.5
-30.1
-30.5
-30.7
-31.1
-31.5
-30.8
-30.8
-31.3
-31.2
-30.6
-28.7
-25.9
-23.6
-26.1
-24.3
-22.4
-21.8
-20.4
-18.7
-17.1
-17.3
-17.4
-18.5
-19.5
-19.5
-18.2
-20.2
-22.5
-24.3
-25.4
-24.9
-26.1
-26.7
-27.7
-29.6
-29.9
-30.8
-30.0
-25.6
-24.6
-24.4
-26.7
-27.5
-30.4
-30.6
-30.8
-31.8
-31.9
-31.2
-31.3
-31.8
-32.8
-33.2
-33.2
-33.4
-33.1
-30.4
-30.4
-28.7
-28.8
-27.3
-26.0
-24.0
-22.9
-22.0
-21.7
-21.0
-20.1
-19.3
-18.3
-17.4
-16.7
-16.1
-15.7
-15.2
-15.0
-14.8
-14.8
-15.4
-17.9
-18.3
-19.6
-20.3
-19.7
-19.6
-18.6
-17.9
-18.8
-18.0
-19.1
-20.9
-20.4
-22.1
-22.5
-22.4
-24.3
-25.5
-25.8
-27.6
-28.2
-29.6
-29.8
-27.9
-30.2
-29.0
-30.6
-30.3
-30.6
-29.4
-28.9
-26.4
-25.3
-24.1
-22.9
-23.2
-24.1
-22.2
-21.4
-20.3
-18.6
-17.7
-18.5
-18.7
-17.8
-17.6
-17.4
-18.0
-18.0
-19.7
-22.5
-23.8
-24.4
-23.8
-22.9
-21.0
-20.1
-18.9
-17.8
-20.3
-21.7
-23.1
-23.6
-23.4
-22.3
-25.2
-25.3
-24.6
-22.2
-20.3
-19.8
-19.3
-18.3
-15.4
-12.1
-11.4
-10.1
-10.3
-6.2
-7.0
-6.7
-7.1
-7.6
-4.1
-6.8
-6.7
-6.0
-6.6
-9.5
-10.4
-11.8
-10.5
-10.0
-12.4
-11.7
-11.0
-12.6
-11.4
-10.9
-11.4
-14.1
-13.6
-10.4
-10.4
-9.9
-8.5
-9.7
-14.1
-17.4
-17.6
-19.1
-18.9
-19.5
-19.9
-17.5
-20.7
-21.2
-20.3
-21.3
-20.9
-22.6
-24.3
-24.6
-22.9
-24.3
-24.2
-22.9
-21.6
-19.4
-18.3
-17.7
-17.5
-17.2
-16.9
-16.3
-16.1
-15.8
-15.2
-18.5
-21.3
-23.3
-24.7
-25.7
-26.9
-27.2
-28.2
-27.9
-27.9
-28.1
-28.2
-25.8
-21.4
-17.7
-16.7
-17.7
-21.6
-24.3
-24.7
-26.5
-26.6
-27.5
-27.3
-28.2
-28.4
-29.4
-29.0
-29.0
-29.8
-29.2
-28.5
-25.9
-24.9
-23.5
-23.0
-22.5
-22.1
-20.5
-19.3
-19.7
-22.3
-24.2
-22.9
-22.4
-25.1
-25.9
-26.8
-27.7
-26.5
-28.1
-28.9
-29.6
-30.0
-30.1
-29.8
-30.2
-30.6
-31.2
-30.7
-28.8
-26.6
-24.0
-22.2
-21.5
-22.4
-24.5
-25.2
-26.4
-23.0
-21.6
-20.5
-19.5
-19.2
-18.7
-18.3
-18.1
-17.9
-17.6
-17.4
-17.3
-17.0
-16.4
-15.8
-15.0
-14.1
-12.9
-12.8
-12.4
-12.2
-11.5
-11.6
-9.9
-9.8
-9.9
-9.5
-9.1
-9.5
-9.0
-11.0
-11.3
-10.1
-9.7
-10.3
-10.6
-10.8
-11.2
-11.6
-11.5
-11.6
-11.5
-11.6
-11.7
-12.4
-12.6
-13.3
-13.6
-14.0
-18.9
-21.3
-25.4
-27.1
-30.9
-30.4
-32.0
-31.8
-34.4
-34.6
-34.6
-34.2
-35.4
-34.3
-30.6
-29.2
-26.6
-26.4
-27.5
-29.1
-32.6
-34.5
-35.7
-37.0
-38.1
-37.9
-39.0
-39.4
-40.0
-40.6
-40.8
-40.8
-41.3
-42.4
-42.2
-42.9
-42.6
-41.4
-39.3
-35.6
-33.3
-33.4
-32.0
-35.2
-38.2
-39.5
-40.4
-41.1
-41.7
-42.0
-40.5
-39.2
-37.6
-36.4
-36.1
-36.5
-35.0
-34.9
-34.2
-33.4
-32.2
-31.6
-30.2
-29.6
-28.0
-27.5
-26.6
-26.4
-27.9
-30.0
-32.5
-33.5
-34.6
-34.4
-35.1
-33.5
-33.7
-31.7
-31.6
-31.2
-32.1
-31.0
-29.8
-29.6
-29.4
-28.7
-27.9
-27.9
-26.6
-26.6
-27.2
-28.7
-31.2
-32.1
-30.9
-30.8
-30.9
-32.0
-32.4
-33.5
-33.9
-33.8
-34.9
-35.4
-34.9
-32.8
-33.8
-36.5
-36.0
-36.1
-30.9
-29.1
-27.3
-26.1
-25.3
-27.8
-31.4
-31.8
-29.2
-27.9
-27.2
-26.2
-25.8
-24.9
-24.5
-24.5
-24.5
-24.6
-24.7
-25.0
-25.0
-24.7
-24.9
-24.0
-24.0
-23.1
-22.0
-21.4
-21.1
-21.7
-21.7
-22.1
-23.1
-23.6
-24.4
-25.3
